50
10 3 2 15
2 6 8
0 0 2 0
0 1 2 0
0 2 1 0
0 3 0 2
0 4 0 2
1 0 0
2 1 0
0 5 0 1
0 6 0 1
1 2 0
1 1 0
1 5 2
0 7 4 1
0 8 3 0
0 9 7 1
1 2
10 2 5 14
3 7
0 0 7 1
1 0 1
0 1 7 1
0 2 7 1
0 3 1 0
0 4 1 0
0 5 5 0
0 6 3 0
0 7 9 1
1 1 1
0 8 7 1
0 9 9 1
0 10 5 0
0 11 3 0
0 5
100 4 10 79
15 40 50 70
0 0 90 3
0 1 20 0
2 2 0
1 0 3
0 2 74 3
1 1 0
0 3 42 1
0 4 40 1
0 5 66 3
0 6 24 0
1 2 3
0 7 32 1
1 5 3
0 8 47 2
2 1 3
0 9 15 0
0 10 61 3
1 7 1
1 4 1
0 11 87 3
0 12 49 2
1 8 2
0 13 68 3
1 13 3
0 14 67 3
1 11 3
1 12 2
0 15 61 3
0 16 43 1
0 17 89 3
1 9 0
0 18 45 1
0 19 87 3
0 20 69 3
0 21 75 3
1 21 3
1 6 0
0 22 64 3
0 23 46 2
0 24 48 2
0 25 38 1
0 26 36 1
1 26 1
2 0 0
0 27 54 2
0 28 4 0
0 29 86 3
1 20 3
0 30 62 3
0 31 36 1
0 32 66 3
0 33 60 2
2 2 4
0 34 92 3
0 35 2 0
0 36 96 0
0 37 46 2
0 38 52 2
0 39 82 2
0 40 0 0
0 41 78 2
0 42 88 3
0 43 42 1
0 44 32 1
0 45 14 0
0 46 68 3
0 47 10 0
2 0 7
0 48 90 3
0 49 28 1
1 47 0
0 50 87 0
0 51 69 2
1 3 1
0 52 33 1
0 53 95 0
0 54 77 2
0 55 27 0
0 56 1 0
0 10
500 5 100 1149
100 110 300 400 401
0 0 18 0
0 1 24 0
1 0 0
0 2 296 2
0 3 206 2
0 4 260 2
0 5 370 3
0 6 148 1
1 3 2
1 2 2
0 7 18 0
0 8 380 3
0 9 106 1
0 10 148 1
0 11 218 2
0 12 400 3
0 13 138 1
0 14 116 1
0 15 274 2
0 16 184 1
0 17 258 2
1 8 3
0 18 58 0
1 16 1
0 19 274 2
1 14 1
0 20 244 2
1 6 1
0 21 200 1
1 18 0
2 1 4
0 22 110 1
0 23 332 2
1 21 1
0 24 411 4
0 25 397 3
0 26 103 0
0 27 401 4
0 28 467 4
0 29 73 0
1 1 0
0 30 53 0
0 31 419 4
1 26 0
0 32 420 4
0 33 222 2
0 34 384 3
0 35 394 3
0 36 16 0
1 28 4
1 33 2
1 17 2
0 37 163 1
1 20 2
1 10 1
0 38 232 2
0 39 10 0
1 24 4
0 40 426 4
0 41 24 0
0 42 262 2
0 43 484 4
1 37 1
0 44 295 2
0 45 425 4
1 9 1
0 46 105 0
0 47 27 0
1 25 3
0 48 255 2
0 49 81 0
0 50 471 4
0 51 261 2
0 52 271 2
0 53 101 0
0 54 55 0
0 55 265 2
2 0 11
0 56 133 1
0 57 275 2
0 58 129 1
0 59 11 0
0 60 485 4
0 61 271 2
0 62 461 4
0 63 15 0
2 2 14
0 64 175 1
0 65 285 2
0 66 343 2
1 55 2
1 29 0
2 2 15
0 67 318 2
1 4 2
0 68 214 2
0 69 32 0
0 70 202 1
0 71 412 4
0 72 182 1
0 73 380 3
0 74 26 0
0 75 152 1
0 76 178 1
1 50 4
0 77 222 2
0 78 212 2
0 79 222 2
0 80 104 0
0 81 170 1
0 82 144 1
0 83 326 2
0 84 8 0
1 34 3
0 85 475 4
1 15 2
0 86 367 3
2 1 11
0 87 303 2
0 88 433 4
0 89 95 0
0 90 5 0
1 56 1
2 4 11
0 91 463 4
0 92 57 0
1 59 0
0 93 349 2
1 12 3
0 94 244 2
0 95 454 4
2 3 4
0 96 78 0
0 97 436 4
0 98 398 3
1 63 0
1 85 4
0 99 443 4
0 100 173 1
0 101 367 3
0 102 1 0
1 95 4
0 103 184 1
2 4 13
0 104 76 0
1 78 2
2 1 12
1 93 2
0 105 428 4
0 106 398 3
0 107 304 2
1 54 0
0 108 328 2
1 76 1
0 109 112 1
2 2 22
0 110 480 4
0 111 434 4
0 112 460 4
0 113 166 1
0 114 352 3
0 115 362 3
0 116 176 1
0 117 410 4
1 32 4
0 118 466 4
0 119 460 4
0 120 250 2
0 121 184 1
0 122 114 1
0 123 4 0
0 124 338 2
0 125 28 0
2 4 19
0 126 68 0
0 127 470 4
0 128 360 3
0 129 386 3
0 130 56 0
0 131 162 1
0 132 20 0
0 133 390 3
2 3 12
1 84 0
0 134 340 2
1 60 4
1 75 1
1 108 2
0 135 448 4
1 123 0
0 136 193 1
0 137 379 3
0 138 413 4
0 139 471 4
0 140 465 4
2 3 13
0 141 25 0
0 142 391 3
0 143 1 0
0 144 291 2
0 145 329 2
2 4 23
1 121 1
0 146 419 4
0 147 137 1
1 42 2
2 0 24
1 122 1
1 40 4
1 102 0
0 148 176 1
1 13 1
0 149 322 2
1 104 0
2 0 22
0 150 272 2
0 151 138 1
0 152 404 4
1 49 0
0 153 499 4
0 154 245 2
1 11 2
0 155 61 0
0 156 451 4
0 157 129 1
1 147 1
0 158 269 2
0 159 203 1
0 160 457 4
0 161 435 4
1 69 0
1 151 1
2 3 14
0 162 127 1
0 163 385 3
0 164 251 2
0 165 49 0
0 166 131 1
1 27 4
1 38 2
1 22 1
1 136 1
0 167 475 4
0 168 289 2
0 169 299 2
0 170 489 4
0 171 163 1
0 172 93 0
0 173 491 4
1 141 0
1 133 3
0 174 377 3
0 175 171 1
1 173 4
0 176 271 2
0 177 393 3
1 81 1
0 178 361 3
0 179 251 2
1 98 3
0 180 68 0
2 2 32
1 86 3
0 181 154 1
0 182 368 3
0 183 190 1
1 80 0
0 184 166 1
1 137 3
0 185 285 2
0 186 123 1
0 187 345 2
1 125 0
0 188 195 1
1 129 3
0 189 235 2
0 190 237 2
0 191 11 0
1 7 0
0 192 437 4
0 193 131 1
1 58 1
0 194 294 2
1 139 4
0 195 58 0
0 196 92 0
0 197 226 2
1 88 4
1 150 2
0 198 108 1
1 82 1
0 199 76 0
0 200 482 4
1 94 2
1 192 4
0 201 29 0
0 202 59 0
0 203 93 0
2 2 36
1 169 2
1 57 2
0 204 483 4
0 205 365 3
0 206 191 1
0 207 337 2
0 208 483 4
0 209 349 2
0 210 375 3
0 211 165 1
0 212 331 2
0 213 69 0
0 214 135 1
1 143 0
0 215 202 1
0 216 172 1
1 31 4
0 217 107 1
0 218 245 2
1 197 2
0 219 289 2
1 47 0
0 220 53 0
2 0 27
0 221 221 2
0 222 203 1
2 3 16
1 184 1
0 223 430 4
0 224 344 2
0 225 230 2
0 226 480 4
0 227 102 0
0 228 292 2
0 229 98 0
1 114 3
0 230 176 1
0 231 58 0
0 232 68 0
0 233 218 2
1 119 4
0 234 1 0
0 235 79 0
0 236 249 2
0 237 351 3
1 116 1
1 90 0
0 238 456 4
0 239 102 0
0 240 100 0
1 161 4
0 241 431 4
0 242 201 1
0 243 51 0
0 244 429 4
0 245 75 0
0 246 77 0
1 223 4
0 247 269 2
1 79 2
0 248 157 1
0 249 203 1
0 250 489 4
1 155 0
0 251 376 3
1 226 4
0 252 368 3
0 253 190 1
1 89 0
0 254 205 1
1 164 2
0 255 373 3
0 256 455 4
1 96 0
1 152 4
0 257 67 0
0 258 181 1
0 259 79 0
0 260 313 2
0 261 83 0
0 262 353 3
0 263 303 2
0 264 425 4
0 265 139 1
0 266 97 0
1 230 1
0 267 253 2
0 268 15 0
0 269 85 0
1 131 1
0 270 389 3
0 271 211 2
0 272 57 0
1 248 1
0 273 297 2
0 274 143 1
0 275 125 1
0 276 423 4
0 277 85 0
0 278 99 0
0 279 317 2
0 280 235 2
0 281 277 2
0 282 283 2
0 283 305 2
0 284 151 1
0 285 193 1
1 101 3
0 286 405 4
0 287 167 1
1 241 4
0 288 403 4
0 289 153 1
1 97 4
2 3 20
0 290 43 0
0 291 77 0
0 292 51 0
1 205 3
0 293 395 3
0 294 425 4
1 254 1
1 202 0
0 295 355 3
0 296 221 2
0 297 151 1
1 180 0
0 298 286 2
0 299 320 2
0 300 218 2
0 301 384 3
0 302 466 4
0 303 320 2
0 304 46 0
0 305 404 4
2 2 58
0 306 252 2
0 307 158 1
0 308 192 1
0 309 230 2
1 211 1
0 310 477 4
1 199 0
0 311 128 1
1 138 4
0 312 468 4
0 313 282 2
0 314 448 4
0 315 258 2
0 316 128 1
0 317 498 4
0 318 408 4
0 319 134 1
0 320 248 2
0 321 294 2
0 322 116 1
0 323 366 3
0 324 24 0
1 224 2
1 203 0
0 325 318 2
0 326 68 0
0 327 90 0
1 240 0
0 328 74 0
0 329 440 4
0 330 334 2
0 331 324 2
0 332 362 3
1 113 1
0 333 51 0
0 334 401 4
0 335 375 3
0 336 333 2
0 337 71 0
0 338 49 0
1 286 4
0 339 163 1
1 229 0
0 340 487 4
2 4 42
0 341 251 2
1 194 2
0 342 194 1
0 343 152 1
0 344 278 2
2 0 48
0 345 274 2
0 346 280 2
0 347 122 1
0 348 392 3
1 144 2
1 5 3
0 349 18 0
0 350 252 2
2 2 70
0 351 316 2
1 258 1
0 352 376 3
1 296 2
0 353 176 1
1 220 0
0 354 384 3
1 280 2
0 355 432 4
2 3 27
0 356 40 0
1 159 1
0 357 51 0
0 358 393 3
0 359 135 1
0 360 225 2
0 361 295 2
0 362 25 0
2 4 43
0 363 77 0
2 4 43
0 364 321 2
1 201 0
0 365 135 1
0 366 309 2
0 367 103 0
0 368 225 2
0 369 299 2
0 370 237 2
0 371 207 2
0 372 365 3
0 373 335 2
0 374 497 4
1 316 1
0 375 24 0
0 376 438 4
1 332 3
1 210 3
0 377 135 1
0 378 269 2
1 244 4
0 379 93 0
1 270 3
0 380 228 2
1 196 0
1 106 3
0 381 428 4
1 288 4
0 382 272 2
0 383 154 1
0 384 316 2
2 4 44
0 385 344 2
0 386 494 4
1 305 4
0 387 474 4
0 388 300 2
1 68 2
0 389 18 0
0 390 408 4
0 391 426 4
0 392 240 2
0 393 298 2
0 394 4 0
0 395 42 0
0 396 156 1
0 397 46 0
0 398 416 4
0 399 474 4
0 400 292 2
2 0 57
0 401 344 2
0 402 154 1
0 403 56 0
2 0 58
0 404 404 4
0 405 386 3
0 406 348 2
2 3 26
0 407 356 3
0 408 466 4
0 409 440 4
0 410 434 4
0 411 256 2
2 1 51
0 412 20 0
0 413 490 4
0 414 152 1
0 415 378 3
1 356 0
0 416 442 4
0 417 160 1
1 333 0
1 279 2
0 418 93 0
0 419 379 3
0 420 293 2
0 421 387 3
1 165 0
1 19 2
0 422 237 2
1 411 2
0 423 436 4
0 424 70 0
0 425 84 0
1 326 0
0 426 40 0
0 427 122 1
2 3 30
0 428 350 2
1 157 1
0 429 13 0
0 430 419 4
0 431 357 3
1 331 2
1 209 2
0 432 59 0
1 124 2
0 433 463 4
0 434 81 0
0 435 343 2
2 2 87
0 436 155 1
0 437 117 1
0 438 243 2
0 439 65 0
0 440 407 4
0 441 329 2
1 225 2
0 442 477 4
0 443 427 4
0 444 393 3
0 445 155 1
1 267 2
0 446 67 0
0 447 129 1
2 2 87
0 448 61 0
0 449 399 3
0 450 425 4
2 3 33
0 451 85 0
0 452 487 4
1 232 0
0 453 445 4
0 454 39 0
1 446 0
1 344 2
1 214 1
1 362 0
0 455 272 2
0 456 478 4
0 457 288 2
0 458 310 2
2 3 33
0 459 306 2
0 460 460 4
0 461 286 2
1 285 1
1 117 4
0 462 391 3
1 52 2
0 463 107 1
0 464 257 2
0 465 423 4
0 466 101 0
1 291 0
1 371 2
1 311 1
0 467 52 0
0 468 6 0
1 118 4
0 469 90 0
1 282 2
2 3 34
0 470 496 4
1 449 3
2 0 67
1 436 1
0 471 99 0
1 393 2
0 472 483 4
0 473 341 2
0 474 207 2
0 475 457 4
0 476 479 4
1 404 4
0 477 424 4
1 437 1
0 478 315 2
0 479 181 1
0 480 87 0
1 413 4
1 109 1
0 481 468 4
0 482 206 2
1 451 0
0 483 466 4
0 484 240 2
0 485 286 2
1 418 0
0 486 338 2
1 146 4
0 487 298 2
1 388 2
0 488 458 4
0 489 456 4
0 490 402 4
0 491 44 0
1 158 2
0 492 64 0
0 493 326 2
0 494 488 4
0 495 58 0
0 496 340 2
0 497 366 3
0 498 144 1
0 499 282 2
1 188 1
0 500 114 1
0 501 48 0
0 502 90 0
0 503 80 0
0 504 2 0
0 505 336 2
0 506 350 2
0 507 284 2
0 508 334 2
0 509 256 2
0 510 150 1
0 511 136 1
0 512 482 4
1 228 2
0 513 222 2
0 514 40 0
0 515 462 4
1 412 0
0 516 214 2
1 334 4
0 517 206 2
0 518 140 1
1 430 4
0 519 159 1
1 253 1
1 111 4
0 520 197 1
0 521 251 1
0 522 349 2
0 523 99 0
0 524 421 4
1 189 2
0 525 57 0
1 343 1
1 43 4
0 526 479 4
0 527 441 4
0 528 143 1
1 431 3
0 529 319 2
0 530 317 2
1 385 2
0 531 327 2
0 532 493 4
0 533 447 4
0 534 241 2
2 0 76
0 535 225 2
0 536 119 1
0 537 401 4
0 538 263 2
0 539 109 1
1 307 1
0 540 141 1
0 541 395 3
0 542 37 0
0 543 491 4
1 369 2
1 261 0
0 544 251 1
1 206 1
0 545 433 4
1 175 1
2 3 34
1 309 2
1 292 0
0 546 450 4
1 483 4
1 314 4
0 547 407 4
0 548 85 0
0 549 443 4
0 550 413 4
0 551 147 1
0 552 113 1
0 553 59 0
0 554 469 4
1 372 3
1 263 2
0 555 290 2
0 556 236 2
1 287 1
0 557 371 3
0 558 393 3
1 115 3
0 559 109 1
0 560 59 0
1 532 4
0 561 499 4
0 562 165 1
0 563 427 4
1 537 4
2 4 82
1 529 2
0 564 407 4
0 565 437 4
1 140 4
0 566 252 1
1 219 2
1 99 4
0 567 285 2
0 568 87 0
1 434 0
0 569 19 0
1 323 3
0 570 143 1
0 571 25 0
0 572 463 4
1 521 1
0 573 143 1
1 300 2
0 574 188 1
1 112 4
0 575 383 3
0 576 249 1
0 577 467 4
0 578 433 4
0 579 419 4
0 580 289 2
0 581 419 4
1 182 3
0 582 398 3
1 128 3
1 390 4
1 329 4
0 583 172 1
0 584 190 1
0 585 324 2
0 586 94 0
0 587 344 2
0 588 262 2
0 589 464 4
1 107 2
0 590 43 0
0 591 393 3
0 592 499 4
1 256 4
2 3 35
1 132 0
0 593 434 4
1 512 4
0 594 304 2
0 595 94 0
0 596 312 2
0 597 110 1
0 598 336 2
0 599 82 0
0 600 232 2
0 601 386 3
0 602 372 3
2 0 83
0 603 452 4
2 0 83
1 216 1
0 604 354 3
0 605 88 0
0 606 490 4
0 607 156 1
0 608 94 0
1 556 2
0 609 45 0
1 301 3
2 4 87
1 363 0
1 513 2
1 265 1
1 474 2
1 200 4
0 610 338 2
0 611 444 4
0 612 298 2
1 399 4
0 613 306 2
2 4 86
1 414 1
0 614 472 4
0 615 198 1
1 440 4
2 3 38
1 406 2
0 616 244 1
0 617 454 4
0 618 260 2
1 377 1
0 619 424 4
0 620 494 4
1 317 4
0 621 469 4
1 193 1
0 622 213 2
1 622 2
0 623 63 0
0 624 141 1
0 625 147 1
0 626 133 1
1 621 4
0 627 468 4
0 628 378 3
0 629 164 1
0 630 442 4
0 631 96 0
0 632 290 2
0 633 68 0
0 634 330 2
0 635 36 0
0 636 450 4
1 260 2
1 278 0
0 637 234 2
0 638 168 1
2 0 88
0 639 476 4
0 640 434 4
0 641 104 0
1 482 2
0 642 12 0
1 149 2
0 643 440 4
1 596 2
0 644 2 0
1 429 0
1 488 4
0 645 436 4
0 646 326 2
0 647 420 4
0 648 230 2
0 649 148 1
0 650 54 0
0 651 380 3
1 142 3
0 652 12 0
0 653 198 1
0 654 144 1
0 655 178 1
0 656 300 2
1 100 1
0 657 486 4
0 658 200 1
0 659 350 2
1 364 2
2 2 100
0 660 44 0
0 661 102 0
1 586 0
0 662 190 1
1 442 4
0 663 182 1
0 664 120 1
2 1 91
0 665 492 4
0 666 170 1
0 667 300 2
0 668 226 2
0 669 404 4
0 670 442 4
0 671 368 3
0 672 394 3
0 673 28 0
0 674 290 2
2 0 94
0 675 342 2
0 676 492 4
0 677 378 3
0 678 428 4
0 679 18 0
1 255 3
1 257 0
0 680 283 2
1 231 0
0 681 295 2
0 682 145 1
1 658 1
1 277 0
1 670 4
0 683 205 1
0 684 343 2
1 584 1
1 642 0
0 685 234 2
0 686 208 2
2 4 99
0 687 16 0
0 688 454 4
0 689 360 3
0 690 330 2
0 691 448 4
0 692 474 4
1 335 3
0 693 162 1
1 409 4
1 357 0
0 694 47 0
1 490 4
0 695 63 0
1 632 2
1 389 0
0 696 367 3
0 697 93 0
1 110 4
2 3 47
0 698 346 2
2 0 93
2 3 47
0 699 472 4
0 700 314 2
2 2 100
0 701 274 2
0 702 200 1
1 441 2
1 354 3
0 703 160 1
1 410 4
0 704 268 3
1 384 2
0 705 396 3
0 706 134 1
0 707 68 0
0 708 358 3
0 709 468 4
1 672 3
1 70 1
1 454 0
0 710 8 0
0 711 150 1
1 460 4
2 2 100
1 170 4
0 712 404 4
1 420 2
0 713 100 0
0 714 454 4
0 715 112 1
0 716 402 4
1 338 0
0 717 249 0
0 718 439 4
0 719 161 1
0 720 291 2
0 721 9 0
1 405 3
0 722 37 0
1 637 1
0 723 145 1
0 724 491 4
0 725 489 4
0 726 291 2
0 727 321 2
0 728 387 3
0 729 481 4
0 730 479 4
0 731 497 4
0 732 375 3
1 570 1
0 733 103 0
0 734 353 3
0 735 239 1
0 736 433 4
0 737 443 4
1 729 4
0 738 407 4
0 739 237 1
1 634 2
0 740 240 1
0 741 338 2
0 742 40 0
1 51 3
1 247 2
1 567 2
0 743 362 3
0 744 460 3
0 745 234 1
0 746 132 1
0 747 166 1
1 588 3
1 701 2
0 748 319 2
1 212 2
0 749 231 2
0 750 149 1
1 453 4
0 751 463 4
0 752 61 0
1 391 4
0 753 237 1
0 754 463 4
0 755 249 3
0 756 11 0
0 757 17 0
0 758 159 1
1 313 2
1 716 4
0 759 69 0
0 760 47 0
2 4 100
0 761 79 0
1 367 0
0 762 41 0
0 763 475 4
0 764 277 2
0 765 223 2
0 766 169 1
1 48 3
0 767 57 0
0 768 147 1
0 769 309 2
0 770 163 1
0 771 313 2
0 772 459 3
0 773 273 2
1 233 2
0 774 353 3
0 775 223 2
1 600 1
0 776 302 2
0 777 400 3
0 778 82 0
0 779 244 3
0 780 106 1
1 417 1
0 781 434 4
0 782 200 1
0 783 206 2
0 784 112 1
1 153 4
0 785 379 3
0 786 245 3
1 234 4
0 787 230 1
0 788 220 2
0 789 218 2
0 790 284 2
1 382 3
0 791 247 3
0 792 489 4
0 793 71 0
0 100
1000 10 100 2164
0 100 200 300 400 500 600 700 800 900
0 0 88 1
0 1 858 9
1 0 1
1 1 9
0 2 811 8
1 2 8
0 3 952 0
1 3 0
0 4 9 0
0 5 163 2
1 5 2
0 6 271 3
0 7 113 1
0 8 131 1
0 9 85 1
0 10 327 3
0 11 593 6
0 12 619 6
0 13 717 7
0 14 207 2
1 10 3
1 7 1
0 15 293 3
0 16 839 8
0 17 377 4
0 18 571 6
1 15 3
0 19 313 3
0 20 451 5
1 14 2
0 21 848 8
0 22 858 9
1 6 3
0 23 110 1
0 24 368 4
0 25 18 0
0 26 828 8
0 27 854 9
0 28 624 6
0 29 546 5
1 18 6
1 8 1
1 4 0
0 30 890 9
0 31 828 8
0 32 694 7
2 0 1
0 33 66 1
1 22 9
0 34 94 1
0 35 616 6
0 36 506 5
1 11 6
0 37 510 5
0 38 40 0
0 39 90 1
0 40 300 3
0 41 302 3
0 42 592 6
2 4 2
2 6 4
0 43 702 7
0 44 176 2
0 45 18 0
0 46 772 8
0 47 934 9
1 35 6
1 21 8
0 48 311 3
0 49 233 2
0 50 867 9
2 5 4
0 51 31 0
1 37 5
1 19 3
2 3 3
0 52 575 6
0 53 545 5
0 54 299 3
0 55 981 0
0 56 303 3
0 57 329 3
0 58 115 1
0 59 277 3
0 60 991 0
0 61 769 8
1 50 9
0 62 204 2
0 63 190 2
1 48 3
1 42 6
1 52 6
0 64 70 1
1 59 3
0 65 882 9
0 66 332 3
2 6 2
1 41 3
0 67 97 1
0 68 291 3
1 32 7
0 69 199 2
0 70 409 4
1 27 9
1 23 1
0 71 430 4
1 69 2
0 72 639 6
0 73 577 6
0 74 147 1
0 75 669 7
0 76 287 3
0 77 505 5
0 78 59 1
0 79 117 1
0 80 783 8
0 81 505 5
1 77 5
0 82 749 7
1 72 6
1 67 1
0 83 227 2
0 84 517 5
1 58 1
0 85 145 1
0 86 899 9
1 64 1
0 87 526 5
0 88 448 4
0 89 738 7
0 90 668 7
0 91 862 9
1 53 5
0 92 359 4
0 93 169 2
0 94 515 5
0 95 69 1
1 86 9
0 96 832 8
1 26 8
1 12 6
0 97 310 3
0 98 744 7
0 99 626 6
0 100 476 5
0 101 510 5
0 102 816 8
0 103 786 8
0 104 212 2
0 105 638 6
0 106 104 1
0 107 298 3
0 108 492 5
0 109 494 5
1 56 3
0 110 594 6
0 111 148 1
0 112 446 4
0 113 88 1
0 114 402 4
1 101 5
0 115 582 6
0 116 736 7
0 117 170 2
1 70 4
1 44 2
1 38 0
1 68 3
0 118 744 7
1 13 7
0 119 364 4
0 120 798 8
1 113 1
0 121 629 6
0 122 231 2
0 123 953 0
0 124 147 1
1 49 2
1 116 7
0 125 889 9
0 126 739 7
1 108 5
0 127 807 8
0 128 465 5
1 57 3
0 129 31 0
0 130 425 4
1 83 2
0 131 583 6
0 132 81 1
1 9 1
0 133 316 3
1 33 1
0 134 267 3
0 135 405 4
0 136 527 5
0 137 633 6
1 47 9
0 138 479 5
0 139 297 3
0 140 435 4
0 141 565 6
0 142 31 0
0 143 649 6
0 144 179 2
0 145 61 1
1 127 8
2 9 4
0 146 355 4
0 147 309 3
0 148 487 5
1 133 3
0 149 682 7
0 150 540 5
0 151 118 1
0 152 976 0
0 153 994 0
0 154 596 6
1 88 4
1 152 0
1 31 8
1 93 2
0 155 654 7
0 156 360 4
0 157 426 4
0 158 332 3
2 2 6
0 159 464 5
0 160 146 1
1 143 6
0 161 30 0
0 162 152 2
1 141 6
0 163 215 2
0 164 225 2
0 165 739 7
0 166 173 2
0 167 751 8
1 161 0
0 168 211 2
0 169 389 4
0 170 551 6
1 155 7
0 171 363 4
0 172 557 6
0 173 119 1
1 65 9
0 174 43 0
0 175 221 2
0 176 951 0
1 105 6
1 24 4
1 39 1
1 174 0
0 177 889 9
1 120 8
1 55 0
0 178 233 2
0 179 227 2
0 180 21 0
1 154 6
1 144 2
0 181 60 1
1 17 4
0 182 827 8
0 183 885 9
0 184 775 8
0 185 9 0
0 186 883 9
0 187 205 2
0 188 575 6
0 189 289 3
0 190 11 0
0 191 309 3
0 192 959 0
1 121 6
0 193 402 4
0 194 292 3
0 195 670 7
0 196 512 5
0 197 594 6
0 198 164 2
1 20 5
0 199 320 3
0 200 330 3
0 201 340 3
1 180 0
0 202 440 4
0 203 194 2
1 16 8
0 204 654 7
0 205 640 6
0 206 338 3
2 4 15
0 207 726 7
0 208 680 7
0 209 210 2
0 210 796 8
1 112 4
0 211 616 6
2 0 12
0 212 132 1
0 213 54 1
0 214 920 9
0 215 466 5
0 216 524 5
0 217 54 1
1 184 8
1 111 1
0 218 279 3
0 219 361 4
0 220 51 1
1 170 6
0 221 14 0
0 222 104 1
0 223 626 6
2 0 13
2 4 15
1 192 0
0 224 418 4
0 225 756 8
0 226 670 7
0 227 264 3
1 146 4
0 228 796 8
2 8 11
0 229 240 2
0 230 610 6
1 187 2
0 231 270 3
2 8 11
0 232 898 9
0 233 476 5
0 234 510 5
1 200 3
1 157 4
1 206 3
0 235 121 1
0 236 387 4
1 25 0
2 0 11
0 237 208 2
1 218 3
0 238 84 1
0 239 22 0
2 4 15
0 240 202 2
0 241 604 6
0 242 734 7
0 243 520 5
1 150 5
0 244 332 3
1 43 7
0 245 972 0
0 246 918 9
0 247 8 0
0 248 2 0
0 249 68 1
0 250 558 6
0 251 600 6
0 252 826 8
0 253 884 9
0 254 814 8
0 255 632 6
1 122 2
0 256 828 8
0 257 782 8
0 258 296 3
2 2 18
1 227 3
0 259 246 2
0 260 504 5
0 261 570 6
1 66 3
0 262 590 6
1 240 2
1 73 6
0 263 177 2
1 107 3
0 264 525 5
0 265 943 9
1 175 2
1 163 2
0 266 613 6
0 267 319 3
0 268 945 9
0 269 155 2
1 131 6
0 270 287 3
0 271 209 2
1 219 4
1 220 1
0 272 542 5
0 273 512 5
1 74 1
0 274 644 6
0 275 486 5
0 276 720 7
0 277 546 5
0 278 572 6
0 279 326 3
0 280 432 4
0 281 162 2
0 282 260 3
0 283 294 3
1 262 6
0 284 396 4
1 189 3
0 285 280 3
1 106 1
0 286 540 5
1 255 6
1 260 5
2 0 15
0 287 516 5
0 288 78 1
0 289 440 4
0 290 186 2
0 291 20 0
0 292 966 0
1 80 8
2 4 17
0 293 316 3
1 82 7
0 294 24 0
1 102 8
0 295 236 2
0 296 326 3
0 297 64 1
0 298 274 3
0 299 332 3
0 300 254 3
0 301 568 6
1 272 5
0 302 724 7
0 303 134 1
0 304 592 6
0 305 154 2
0 306 676 7
0 307 38 0
2 8 13
0 308 82 1
0 309 20 0
0 310 62 1
0 311 384 4
1 213 1
0 312 103 1
0 313 449 4
1 128 5
0 314 660 7
0 315 510 5
0 316 400 4
1 226 7
0 317 327 3
1 165 7
0 318 955 0
0 319 813 8
0 320 895 9
0 321 849 8
0 322 651 7
0 323 317 3
0 324 471 5
0 325 417 4
0 326 339 3
0 327 309 3
0 328 695 7
0 329 105 1
1 79 1
0 330 741 7
0 331 351 4
1 244 3
1 182 8
0 332 852 9
0 333 606 6
0 334 608 6
0 335 330 3
0 336 164 2
0 337 630 6
1 296 3
0 338 338 3
0 339 76 1
0 340 766 8
0 341 32 0
0 342 154 2
0 343 852 9
0 344 662 7
1 311 4
0 345 938 9
0 346 324 3
0 347 262 3
1 271 2
0 348 293 3
0 349 631 6
0 350 505 5
1 186 9
0 351 132 1
0 352 494 5
1 97 3
0 353 218 2
0 354 276 3
1 91 9
0 355 888 9
0 356 290 3
0 357 884 9
0 358 134 1
0 359 176 2
0 360 106 1
0 361 84 1
2 6 25
1 352 5
0 362 538 5
0 363 268 3
0 364 6 0
0 365 584 6
0 366 178 2
0 367 428 4
0 368 206 2
0 369 656 7
1 291 0
0 370 895 9
0 371 873 9
0 372 587 6
0 373 157 2
0 374 175 2
0 375 625 6
2 3 35
2 5 28
0 376 887 9
1 357 9
1 267 3
1 335 3
1 332 9
0 377 688 7
0 378 306 3
1 365 6
1 71 4
1 321 8
1 302 7
1 355 9
1 190 0
0 379 739 7
0 380 45 0
0 381 711 7
0 382 385 4
1 245 0
0 383 77 1
0 384 463 5
1 178 2
0 385 546 5
0 386 92 1
0 387 166 2
0 388 488 5
0 389 378 4
0 390 860 9
0 391 22 0
0 392 312 3
0 393 274 3
0 394 644 6
0 395 822 8
1 384 5
1 45 0
1 166 2
0 396 272 3
0 397 890 9
0 398 428 4
0 399 174 2
0 400 648 6
0 401 346 3
2 4 24
0 402 606 6
0 403 688 7
1 325 4
0 404 151 2
1 250 6
1 197 6
0 405 165 2
2 1 31
0 406 593 6
1 256 8
0 407 157 2
0 408 7 0
0 409 721 7
0 410 483 5
1 46 8
0 411 415 4
1 169 4
0 412 363 4
0 413 965 0
0 414 191 2
0 415 433 4
1 411 4
0 416 269 3
0 417 967 0
0 418 649 6
0 419 643 6
1 301 6
0 420 95 1
0 421 201 2
1 383 1
0 422 341 3
0 423 647 6
1 160 1
0 424 242 2
0 425 228 2
0 426 542 5
0 427 608 6
0 428 626 6
0 429 388 4
0 430 78 1
0 431 704 7
0 432 546 5
0 433 964 0
0 434 462 5
2 0 25
0 435 306 3
0 436 932 9
1 279 3
2 2 37
2 0 25
1 140 4
0 437 696 7
0 438 674 7
0 439 940 9
0 440 118 1
2 0 25
0 441 882 9
0 442 652 7
0 443 30 0
0 444 224 2
0 445 978 0
2 4 24
0 446 638 6
1 389 4
0 447 410 4
0 448 100 1
0 449 750 7
0 450 840 8
0 451 42 0
1 243 5
1 376 9
0 452 34 0
1 451 0
1 381 7
0 453 928 9
1 338 3
0 454 988 0
0 455 70 1
0 456 704 7
1 104 2
0 457 308 3
0 458 30 0
0 459 600 6
0 460 18 0
0 461 940 9
1 132 1
0 462 816 8
1 273 5
0 463 140 1
0 464 86 1
0 465 968 0
1 340 8
0 466 612 6
0 467 214 2
0 468 816 8
1 315 5
2 8 15
0 469 94 1
0 470 416 4
0 471 738 7
0 472 964 0
0 473 374 4
0 474 240 2
0 475 514 5
0 476 516 5
0 477 150 1
0 478 56 1
0 479 626 6
0 480 532 5
0 481 358 4
0 482 624 6
1 191 3
1 164 2
0 483 654 7
0 484 424 4
0 485 490 5
0 486 4 0
0 487 838 8
0 488 504 5
0 489 266 3
0 490 980 0
0 491 854 9
0 492 56 1
0 493 578 6
0 494 188 2
0 495 638 6
0 496 840 8
0 497 722 7
0 498 172 2
0 499 998 0
0 500 912 9
0 501 138 1
0 502 772 8
0 503 582 6
0 504 744 7
0 505 986 0
0 506 244 2
0 507 910 9
0 508 104 1
0 509 418 4
1 286 5
1 402 6
0 510 882 9
0 511 732 7
0 512 838 8
0 513 168 2
0 514 242 2
0 515 556 6
0 516 470 5
1 360 1
0 517 234 2
1 499 0
0 518 355 4
0 519 37 0
0 520 503 5
0 521 545 5
1 439 9
1 129 0
0 522 519 5
0 523 937 9
0 524 11 0
0 525 861 9
0 526 951 0
0 527 177 2
0 528 931 9
1 513 2
0 529 999 0
0 530 161 2
1 333 6
0 531 941 9
1 423 6
0 532 201 2
0 533 499 5
0 534 821 8
0 535 951 0
0 536 905 9
0 537 851 9
1 306 7
0 538 374 4
1 304 6
0 539 618 6
1 428 6
1 54 3
0 540 992 0
0 541 570 6
0 542 532 5
0 543 30 0
0 544 936 9
0 545 850 8
1 230 6
1 396 3
2 4 31
0 546 50 0
0 547 4 0
0 548 542 5
1 278 6
0 549 754 8
0 550 28 0
0 551 686 7
0 552 960 0
0 553 114 1
1 328 7
0 554 158 2
1 454 0
0 555 901 9
0 556 167 2
0 557 225 2
0 558 499 5
0 559 437 4
0 560 911 9
0 561 425 4
0 562 635 6
1 289 4
0 563 935 9
0 564 889 9
0 565 99 1
0 566 333 3
0 567 735 7
2 3 39
0 568 611 6
0 569 469 5
0 570 527 5
2 1 42
0 571 307 3
0 572 669 7
0 573 943 9
1 483 7
1 545 8
0 574 757 8
0 575 487 5
1 553 1
0 576 939 9
0 577 549 5
0 578 927 9
0 579 465 5
1 467 2
0 580 5 0
0 581 55 1
0 582 713 7
0 583 387 4
1 188 6
1 478 1
0 584 880 9
0 585 362 4
0 586 676 7
1 176 0
2 2 48
2 4 34
0 587 556 6
0 588 814 8
0 589 136 1
0 590 946 9
1 385 5
1 268 9
0 591 930 9
0 592 916 9
0 593 894 9
1 207 7
0 594 277 3
1 392 3
0 595 745 7
0 596 579 6
0 597 109 1
0 598 311 3
1 51 0
1 28 6
1 410 5
0 599 39 0
0 600 369 4
0 601 91 1
0 602 757 8
0 603 55 1
0 604 473 5
1 181 1
0 605 972 0
1 526 0
0 606 720 7
0 607 202 2
0 608 876 9
0 609 478 5
1 233 5
1 597 1
0 610 71 1
0 611 313 3
1 367 4
0 612 301 3
0 613 47 0
0 614 785 8
1 548 5
1 457 3
0 615 568 6
0 616 90 1
1 351 1
0 617 771 8
0 618 13 0
0 619 695 7
0 620 769 8
0 621 35 0
0 622 597 6
0 623 991 0
1 403 7
2 1 44
0 624 895 9
1 502 8
0 625 730 7
1 98 7
0 626 990 0
0 627 16 0
0 628 434 4
0 629 468 5
1 612 3
0 630 202 2
1 427 6
1 293 3
0 631 800 8
1 364 0
1 449 7
0 632 731 7
0 633 165 2
0 634 231 2
0 635 993 0
0 636 803 8
1 149 7
0 637 23 0
0 638 337 3
0 639 219 2
1 205 6
0 640 311 3
1 330 7
0 641 259 3
0 642 213 2
0 643 599 6
0 644 457 5
1 512 8
0 645 245 2
0 646 807 8
0 647 865 9
1 387 2
0 648 109 1
1 346 3
0 649 449 4
0 650 507 5
1 571 3
0 651 687 7
1 309 0
0 652 571 6
0 653 709 7
1 520 5
0 654 48 0
0 655 554 6
0 656 308 3
0 657 886 9
0 658 680 7
1 564 9
0 659 540 5
1 414 2
1 576 9
0 660 402 4
0 661 756 8
0 662 62 1
0 663 824 8
0 664 26 0
0 665 940 9
1 412 4
0 666 152 2
0 667 898 9
1 663 8
0 668 201 2
1 269 2
0 669 260 3
0 670 910 9
0 671 424 4
0 672 866 9
1 342 2
1 569 5
0 673 744 7
1 518 4
0 674 884 9
0 675 518 5
1 344 7
0 676 130 1
0 677 276 3
1 368 2
0 678 592 6
0 679 442 4
2 4 37
0 680 718 7
0 681 784 8
0 682 938 9
0 683 668 7
0 684 54 1
0 685 504 5
2 8 30
0 686 916 9
0 687 182 2
0 688 520 5
2 4 37
0 689 68 1
0 690 190 2
1 147 3
0 691 589 6
0 692 191 2
0 693 409 4
0 694 411 4
0 695 309 3
0 696 863 9
0 697 961 0
0 698 139 1
0 699 421 4
0 700 439 4
2 5 51
0 701 259 3
0 702 589 6
0 703 991 0
1 145 1
0 704 763 8
1 194 3
0 705 159 2
0 706 201 2
0 707 787 8
0 708 805 8
0 709 575 6
0 710 481 5
0 711 611 6
0 712 629 6
1 274 6
0 713 481 5
0 714 811 8
0 715 213 2
0 716 431 4
1 377 7
0 717 227 2
0 718 941 9
0 719 431 4
1 521 5
0 720 723 7
2 7 41
1 405 2
0 721 3 0
1 407 2
0 722 919 9
0 723 785 8
1 662 1
0 724 252 3
1 615 6
0 725 464 5
0 726 706 7
0 727 596 6
0 728 62 1
0 729 600 6
0 730 274 3
1 232 9
0 731 430 4
0 732 336 3
0 733 682 7
0 734 620 6
0 735 662 7
1 424 2
0 736 658 7
0 737 108 1
0 738 422 4
0 739 96 1
1 214 9
1 628 4
0 740 214 2
0 741 360 4
0 742 370 4
0 743 364 4
2 8 35
1 523 9
0 744 805 8
0 745 495 5
0 746 193 2
1 550 0
1 708 8
0 747 275 3
0 748 253 3
1 372 6
0 749 577 6
0 750 467 5
2 9 52
0 751 95 1
1 177 9
1 739 1
0 752 189 2
0 753 319 3
0 754 873 9
0 755 755 8
1 477 1
0 756 575 6
0 757 529 5
1 397 9
0 758 869 9
0 759 351 4
1 441 9
0 760 643 6
0 761 493 5
0 762 431 4
2 3 50
0 763 163 2
0 764 397 4
0 765 743 7
0 766 345 3
1 725 5
1 386 1
0 767 938 9
0 768 948 9
0 769 798 8
0 770 520 5
0 771 2 0
0 772 652 7
0 773 774 8
0 774 272 3
0 775 978 0
1 303 1
0 776 321 3
1 388 5
0 777 828 8
0 778 46 0
0 779 704 7
1 582 7
0 780 396 4
0 781 86 1
1 578 9
0 782 802 8
0 783 972 0
0 784 30 0
0 785 848 8
0 786 418 4
1 139 3
1 631 8
0 787 203 2
1 353 2
0 788 47 0
0 789 961 0
0 790 323 3
0 791 829 8
0 792 191 2
1 762 4
0 793 683 7
0 794 157 2
0 795 727 7
0 796 713 7
0 797 987 0
0 798 997 0
0 799 583 6
0 800 513 5
1 425 2
0 801 589 6
2 5 57
0 802 641 6
0 803 843 8
0 804 45 0
0 805 231 2
0 806 129 1
0 807 675 7
0 808 893 9
1 630 2
0 809 859 9
0 810 229 2
0 811 103 1
0 812 153 2
0 813 395 4
0 814 597 6
0 815 271 3
0 816 473 5
2 1 51
1 117 2
1 391 0
0 817 939 9
0 818 381 4
1 558 5
0 819 585 6
1 203 2
0 820 725 7
1 509 4
1 395 8
0 821 922 9
0 822 228 2
1 746 2
0 823 635 6
0 824 245 2
0 825 679 7
0 826 353 4
0 827 763 8
0 828 61 1
0 829 455 5
0 830 177 2
1 511 7
1 354 3
0 831 798 8
1 747 3
1 460 0
1 422 3
0 832 160 2
0 833 498 5
0 834 948 9
0 835 694 7
0 836 88 1
0 837 738 7
1 307 0
0 838 489 5
0 839 691 7
0 840 53 1
1 247 0
1 421 2
1 497 7
0 841 948 9
2 4 53
1 292 0
0 842 58 1
0 843 772 8
0 844 398 4
0 845 360 4
0 846 170 2
0 847 212 2
0 848 390 4
0 849 320 3
1 114 4
1 324 5
2 2 65
1 682 9
0 850 842 8
0 851 260 3
2 4 55
1 596 6
1 334 6
0 852 116 1
0 853 22 0
1 680 7
1 126 7
0 854 780 8
1 797 0
1 604 5
0 855 746 7
0 856 660 7
0 857 758 8
0 858 976 0
0 859 218 2
0 860 732 7
0 861 470 5
0 862 536 5
0 863 770 8
0 864 692 7
0 865 6 0
1 574 8
0 866 418 4
0 867 652 7
1 378 3
0 868 600 6
0 869 746 7
0 870 172 2
1 595 7
0 871 768 8
0 872 482 5
0 873 76 1
1 573 9
0 874 27 0
2 3 52
0 875 791 8
1 609 5
0 876 723 7
0 877 77 1
0 878 23 0
1 659 5
1 530 2
1 532 2
2 3 52
0 879 689 7
1 587 6
0 880 109 1
1 95 1
1 821 9
0 881 474 5
1 473 4
0 882 185 2
0 883 195 2
1 469 1
0 884 511 5
0 885 289 3
1 674 9
0 886 766 8
0 887 800 8
0 888 826 8
0 889 956 0
0 890 646 6
0 891 872 9
1 740 2
0 892 510 5
1 783 0
0 893 125 1
0 894 951 0
0 895 785 8
1 730 3
0 896 508 5
0 897 382 4
2 4 56
0 898 906 9
0 899 916 9
0 900 270 3
0 901 184 2
0 902 170 2
0 903 284 3
1 399 2
0 904 713 7
0 905 747 7
0 906 429 4
2 9 57
0 907 721 7
0 908 987 0
1 212 1
0 909 575 6
1 415 4
0 910 683 7
1 684 1
1 824 2
0 911 485 5
1 703 0
0 912 937 9
2 7 63
0 913 485 5
2 9 58
0 914 649 6
0 915 315 3
1 857 8
0 916 935 9
0 917 193 2
0 918 211 2
1 136 5
0 919 494 5
0 920 544 5
0 921 962 0
0 922 356 4
0 923 702 7
1 671 4
0 924 517 5
1 623 0
0 925 945 9
0 926 771 8
0 927 261 3
0 928 103 1
0 929 817 8
0 930 803 8
1 142 0
0 931 311 3
1 109 5
0 932 819 8
0 933 157 2
0 934 383 4
1 419 6
0 935 661 7
0 936 519 5
2 9 60
0 937 219 2
1 665 9
1 603 1
0 938 305 3
0 939 595 6
0 940 437 4
0 941 415 4
1 201 3
0 942 939 9
0 943 773 8
1 63 2
1 448 1
0 944 642 6
0 945 524 5
0 946 78 1
0 947 264 3
2 8 57
0 948 676 7
0 949 510 5
0 950 576 6
1 771 0
0 951 628 6
0 952 246 2
1 952 2
0 953 402 4
0 954 492 5
0 955 86 1
0 956 16 0
0 957 154 2
0 958 676 7
1 29 5
0 959 808 8
0 960 82 1
1 552 0
1 843 8
0 961 931 9
0 962 685 7
0 963 263 3
0 964 385 4
0 965 859 9
0 966 701 7
0 967 143 1
0 968 145 1
1 966 7
0 969 493 5
0 970 327 3
1 401 3
1 688 5
1 110 6
0 971 735 7
0 972 953 0
1 433 0
1 611 3
0 973 7 0
0 974 497 5
0 975 659 7
1 534 8
0 976 424 4
0 977 66 1
0 978 668 7
2 2 70
0 979 904 9
0 980 458 5
0 981 324 3
1 458 0
2 4 62
2 6 60
0 982 932 9
0 983 478 5
1 336 2
0 984 570 6
0 985 908 9
2 6 61
1 818 4
0 986 466 5
1 738 4
0 987 622 6
0 988 32 0
0 989 410 4
0 990 284 3
0 991 518 5
1 947 3
1 436 9
1 238 1
1 248 0
0 992 650 6
0 993 412 4
2 6 63
0 994 40 0
0 995 970 0
0 996 436 4
0 997 502 5
0 998 496 5
0 999 538 5
0 1000 828 8
0 1001 550 5
1 572 7
0 1002 860 9
0 1003 310 3
0 1004 872 9
2 8 57
0 1005 644 6
0 1006 582 6
0 1007 320 3
0 1008 290 3
1 495 6
0 1009 310 3
2 8 57
0 1010 130 1
0 1011 820 8
1 586 7
0 1012 272 3
1 99 6
0 1013 308 3
0 1014 902 9
0 1015 16 0
0 1016 330 3
0 1017 892 9
0 1018 646 6
0 1019 864 9
2 0 66
0 1020 980 0
0 1021 758 8
0 1022 432 4
0 1023 322 3
1 748 3
0 1024 750 7
0 1025 56 1
0 1026 722 7
0 1027 564 6
0 1028 278 3
0 1029 216 2
0 1030 506 5
0 1031 444 4
1 542 5
0 1032 384 4
0 1033 682 7
0 1034 596 6
0 1035 134 1
0 1036 904 9
2 4 66
1 504 7
0 1037 865 9
0 1038 291 3
0 1039 557 6
1 919 5
0 1040 217 2
0 1041 83 1
0 1042 349 3
0 1043 471 5
0 1044 121 1
0 1045 251 3
1 251 6
0 1046 119 1
1 589 1
1 643 6
0 1047 604 6
0 1048 798 8
0 1049 848 8
0 1050 786 8
0 1051 468 5
0 1052 806 8
0 1053 480 5
1 466 6
0 1054 308 3
2 8 63
0 1055 232 2
0 1056 490 5
0 1057 804 8
0 1058 518 5
2 0 67
2 2 72
0 1059 84 1
1 757 5
0 1060 427 4
0 1061 277 3
0 1062 431 4
0 1063 177 2
0 1064 947 9
1 429 4
0 1065 471 5
0 1066 889 9
0 1067 235 2
1 489 3
2 3 71
0 1068 577 6
0 1069 139 1
0 1070 813 8
0 1071 599 6
1 960 1
0 1072 266 3
0 1073 724 7
2 0 67
0 1074 664 7
0 1075 258 3
0 1076 660 7
0 1077 78 1
0 1078 136 1
2 0 67
1 796 7
1 837 7
0 1079 11 0
0 1080 349 3
0 1081 399 4
0 1082 985 0
1 705 2
1 833 5
0 1083 478 5
1 692 2
0 1084 746 7
0 1085 716 7
1 312 1
0 1086 704 7
1 830 2
0 1087 844 8
0 1088 614 6
0 1089 760 8
1 76 3
0 1090 484 5
0 1091 438 4
1 712 6
0 1092 738 7
1 281 2
0 1093 768 8
2 8 68
0 1094 76 1
1 498 2
1 89 7
0 1095 969 0
0 1096 867 9
0 1097 549 5
0 1098 423 4
0 1099 729 7
0 1100 283 3
0 1101 517 5
0 1102 735 7
1 980 5
2 8 68
0 1103 452 5
0 1104 366 4
1 290 2
1 30 9
0 1105 711 7
0 1106 17 0
0 1107 851 9
1 1077 1
0 1108 223 2
0 1109 465 5
0 1110 611 6
0 1111 5 0
0 1112 799 8
0 1113 593 6
1 305 2
1 695 3
0 1114 71 1
1 1040 2
1 492 1
0 1115 397 4
0 1116 967 0
0 1117 433 4
1 501 1
0 1118 637 6
0 1119 407 4
1 1073 7
1 810 2
0 1120 892 9
0 1121 622 6
1 903 3
1 579 5
1 798 0
0 1122 192 2
0 1123 770 8
1 252 8
0 1124 470 5
0 1125 336 3
0 1126 258 3
0 1127 44 0
1 910 7
0 1128 216 2
0 1129 82 1
0 1130 300 3
0 1131 550 5
0 1132 736 7
0 1133 682 7
0 1134 524 5
0 1135 206 2
1 464 1
2 6 71
0 1136 124 1
0 1137 110 1
0 1138 608 6
1 950 6
0 1139 775 8
0 1140 9 0
0 1141 99 1
1 745 5
0 1142 999 0
2 7 78
0 1143 379 4
0 1144 69 1
1 434 5
1 1090 5
0 1145 857 9
1 865 0
0 1146 959 0
0 1147 201 2
0 1148 379 4
0 1149 93 1
0 1150 735 7
0 1151 585 6
0 1152 275 3
1 689 1
0 1153 528 5
1 590 9
0 1154 788 8
0 1155 446 4
0 1156 24 0
0 1157 338 3
1 172 6
0 1158 46 0
0 1159 272 3
0 1160 50 0
0 1161 188 2
0 1162 310 3
0 1163 176 2
0 1164 986 0
0 1165 740 7
0 1166 886 9
0 1167 936 9
0 1168 154 2
0 1169 396 4
0 1170 294 3
0 1171 592 6
2 8 71
0 1172 708 7
0 1173 46 0
0 1174 632 6
0 1175 394 4
0 1176 372 4
0 1177 222 2
0 1178 808 8
0 1179 202 2
0 1180 652 7
1 690 2
0 1181 320 3
0 1182 442 4
0 1183 804 8
0 1184 494 5
0 1185 784 8
0 1186 842 8
2 0 80
1 1114 1
0 1187 451 5
2 7 82
1 806 1
0 1188 632 6
2 6 74
0 1189 4 0
0 1190 230 2
0 1191 544 5
0 1192 834 8
0 1193 724 7
0 1194 334 3
0 1195 888 9
0 1196 2 0
1 733 7
0 1197 30 0
0 1198 576 6
0 1199 250 2
0 1200 860 9
0 1201 974 0
0 1202 512 5
0 1203 594 6
0 1204 236 2
2 2 77
1 1141 1
0 1205 709 7
0 1206 759 8
0 1207 697 7
0 1208 475 5
0 1209 957 0
0 1210 31 0
1 825 7
0 1211 131 1
0 1212 85 1
0 1213 207 2
0 1214 513 5
0 1215 19 0
1 461 9
0 1216 919 9
0 1217 729 7
1 487 8
0 1218 813 8
0 1219 519 5
0 1220 529 5
0 1221 59 1
0 1222 477 5
0 1223 79 1
0 1224 649 6
0 1225 203 2
0 1226 997 0
0 1227 663 7
0 1228 273 3
0 1229 563 6
1 764 4
1 694 4
0 1230 376 4
2 0 88
0 1231 588 6
1 1214 5
1 75 7
0 1232 605 6
1 1030 5
0 1233 840 8
0 1234 818 8
0 1235 604 6
0 1236 982 0
0 1237 304 3
0 1238 642 6
0 1239 300 3
0 1240 38 0
0 1241 232 2
0 1242 594 6
0 1243 860 9
0 1244 246 2
1 782 8
0 1245 781 8
0 1246 887 9
0 1247 569 6
0 1248 675 7
0 1249 589 6
0 1250 215 2
0 1251 465 5
0 1252 331 3
1 892 5
2 7 85
2 9 81
0 1253 27 0
1 795 7
0 1254 671 7
1 1206 8
0 1255 35 0
0 1256 565 6
0 1257 223 2
0 1258 249 2
0 1259 499 5
0 1260 845 8
0 1261 311 3
0 1262 745 7
0 1263 555 6
1 909 6
0 1264 871 9
0 1265 865 9
0 1266 59 1
0 1267 229 2
1 135 4
0 1268 201 2
0 1269 435 4
0 1270 397 4
0 1271 79 1
0 1272 369 4
0 1273 99 1
0 1274 781 8
0 1275 863 9
1 1021 8
1 515 6
1 717 2
2 9 84
0 1276 593 6
0 1277 11 0
0 1278 757 8
0 1279 559 6
0 1280 569 6
1 860 7
0 1281 413 4
0 1282 319 3
0 1283 65 1
0 1284 763 8
0 1285 261 3
0 1286 583 6
1 1015 0
0 1287 971 0
0 1288 133 1
1 943 8
0 1289 24 0
2 2 85
1 850 8
0 1290 550 5
0 1291 544 5
1 318 0
0 1292 684 7
0 1293 598 6
0 1294 976 0
0 1295 442 4
1 862 5
1 984 6
0 1296 778 8
0 1297 60 1
1 1048 8
2 4 84
0 1298 514 5
1 973 0
0 1299 14 0
0 1300 536 5
0 1301 802 8
2 0 94
1 721 0
0 1302 979 0
0 1303 853 9
0 1304 527 5
1 816 5
0 1305 203 2
0 1306 685 7
0 1307 359 4
0 1308 249 2
0 1309 659 7
1 1093 8
1 1043 5
0 1310 273 3
0 1311 771 8
0 1312 565 6
1 922 4
2 7 88
0 1313 531 5
1 944 6
1 928 1
0 1314 528 5
0 1315 842 8
0 1316 388 4
0 1317 254 3
0 1318 376 4
0 1319 74 1
0 1320 620 6
0 1321 574 6
0 1322 816 8
0 1323 106 1
1 647 9
0 1324 489 5
0 1325 147 1
1 1075 3
0 1326 567 6
0 1327 657 7
0 1328 99 1
1 687 2
0 1329 391 4
0 1330 337 3
2 5 99
0 1331 837 8
0 1332 215 2
0 1333 849 8
0 1334 299 3
0 1335 693 7
0 1336 959 0
1 1002 9
2 9 83
0 1337 805 8
0 1338 263 3
0 1339 913 9
0 1340 531 5
0 1341 125 1
0 1342 911 9
1 1337 8
0 1343 50 0
1 1028 3
0 1344 270 3
1 1311 8
0 1345 266 3
1 700 4
0 1346 150 1
2 2 87
0 1347 826 8
0 1348 596 6
0 1349 830 8
1 1122 2
0 1350 492 5
0 1351 110 1
1 672 9
0 1352 914 9
0 1353 356 4
1 1194 3
1 876 7
0 1354 178 2
0 1355 588 6
1 1354 2
0 1356 792 8
2 2 86
0 1357 460 5
0 1358 710 7
0 1359 320 3
0 1360 506 5
0 1361 84 1
0 1362 966 0
0 1363 320 3
0 1364 594 6
0 1365 868 9
0 1366 102 1
2 6 98
0 1367 554 6
2 0 97
2 2 86
0 1368 952 0
0 1369 258 3
0 1370 268 3
0 1371 86 1
1 463 1
0 1372 517 5
1 193 4
1 1204 2
1 1265 9
1 1296 8
0 1373 227 2
0 1374 309 3
1 799 6
0 1375 633 6
0 1376 987 0
0 1377 285 3
0 1378 879 9
0 1379 873 9
0 1380 435 4
1 1322 8
0 1381 511 5
0 1382 249 2
0 1383 275 3
0 1384 613 6
0 1385 199 2
1 673 7
1 1203 6
0 1386 605 6
1 1127 0
0 1387 257 3
1 907 7
1 991 5
1 1249 6
1 859 2
1 300 3
0 1388 366 4
0 1389 248 2
1 1304 5
0 1390 508 5
2 0 98
0 1391 344 3
0 1392 738 7
1 854 8
2 2 88
0 1393 456 5
0 1394 834 8
0 1395 356 4
0 1396 918 9
1 1179 2
0 1397 149 1
0 1398 463 5
1 456 7
0 1399 293 3
2 1 86
0 1400 33 0
0 1401 875 9
1 1369 3
0 1402 687 7
0 1403 233 2
0 1404 675 7
0 1405 53 1
0 1406 991 0
0 1407 337 3
0 1408 387 4
1 1383 3
0 1409 935 9
1 1163 2
1 1032 4
0 1410 748 7
0 1411 390 4
1 828 1
0 1412 650 7
0 1413 916 9
1 400 6
0 1414 458 5
0 1415 756 8
0 1416 726 7
1 645 2
1 1105 7
1 840 1
0 1417 497 5
0 1418 379 4
0 1419 573 6
0 1420 255 3
1 696 9
0 1421 59 1
1 337 6
1 1031 4
0 1422 89 1
2 7 92
0 1423 517 5
0 1424 663 7
0 1425 185 2
0 1426 635 6
1 1358 7
1 1062 4
0 1427 41 0
0 1428 523 5
0 1429 525 5
0 1430 223 2
0 1431 553 6
0 1432 995 0
0 1433 437 4
0 1434 439 4
0 1435 457 5
0 1436 43 0
1 228 8
0 1437 94 1
0 1438 216 2
0 1439 586 6
0 1440 516 5
0 1441 990 0
1 1098 4
0 1442 810 8
1 494 2
0 1443 910 9
1 540 0
0 1444 626 6
0 1445 148 1
0 1446 942 9
1 1188 6
0 1447 581 6
1 1110 6
0 1448 560 6
0 1449 210 2
0 1450 676 7
2 4 100
1 790 3
0 1451 519 5
0 1452 713 7
0 1453 539 5
1 199 3
0 1454 87 1
0 1455 785 8
0 1456 67 1
0 1457 565 6
1 729 6
2 7 98
1 1146 0
1 1102 7
1 1242 6
2 8 86
1 678 6
0 1458 694 7
0 1459 384 4
2 6 100
0 1460 996 0
0 1461 814 8
0 1462 312 3
0 1463 570 6
0 1464 420 4
0 1465 950 9
0 1466 400 4
0 1467 130 1
0 1468 468 5
0 1469 478 5
0 1470 696 7
1 1131 8
0 1471 700 7
0 1472 190 2
1 462 8
2 6 100
0 1473 516 5
0 1474 750 8
0 1475 824 8
0 1476 706 7
0 1477 612 6
0 1478 662 7
0 1479 896 9
0 1480 426 4
0 1481 676 7
1 1136 1
0 1482 82 1
1 115 6
1 871 8
0 1483 779 8
0 1484 325 3
1 1129 1
0 1485 545 6
0 1486 771 8
0 1487 357 4
0 1488 559 6
1 1225 2
0 1489 330 3
0 1490 900 9
2 0 100
0 1491 608 6
1 1130 3
0 1492 620 6
1 1072 3
0 1493 416 4
1 1118 6
0 1494 182 2
0 1495 72 1
2 2 95
0 1496 692 7
1 913 5
0 1497 904 9
1 932 8
0 1498 852 9
1 1299 0
0 1499 975 0
1 921 0
0 1500 499 5
0 1501 181 2
0 1502 599 6
1 1426 6
0 1503 4 0
0 1504 350 2
0 1505 840 8
0 1506 234 2
1 639 2
1 600 4
1 539 6
0 1507 81 1
0 1508 915 9
2 5 100
0 1509 759 8
0 1510 505 5
0 1511 731 7
0 1512 453 4
1 390 9
0 1513 497 5
0 1514 979 0
0 1515 773 8
0 1516 359 4
1 923 7
1 1279 6
0 1517 471 5
1 1232 6
0 1518 266 3
1 1107 9
0 1519 792 8
0 1520 818 8
1 778 0
0 1521 97 1
0 1522 627 6
0 1523 717 7
0 1524 559 6
2 7 100
0 1525 539 6
0 1526 29 0
8 100
10 3 5 30
8 9 3
0 5 3
10 7 10 140
5 9 8 4 2 1 6
8 5 10 10
10 5 5 50
7 9 2 5 8
0 3 5 5
10 10 5 100
1 3 9 8 5 4 2 0 7 6
0 1 1 0 5 4 5 4 5
10 5 5 50
5 2 4 9 3
5 5
100 6 10 120
73 89 41 86 0 14
8 5 10 10 10 9
100 9 50 900
21 96 74 15 82 29 0 76 20
7 2 0 2 2 13 0 17 20 21 9 2 9 9 23 13 12 12 11 28 12 36 14 35 6 46 21 46 6 7 50 50 24 25 10 17 24 50 28 10 9 50 28 29 31 32
100 4 100 800
36 49 24 66
9 7 8 28 12 42 42 11 16 17 21 66 21 67 69 69 80 27 70 71 28 77 76 29 42 83 85 33 93 44 100 100 100 100 100 100 100
100 3 50 300
57 84 38
0 4 11 19 23 18 37 28 44 44 44 44 50 40
100 5 100 1000
4 41 66 47 53
0 0 12 4 13 6 12 2 3 8 23 4 56 4 9 45 40 49 8 56 100 100 81 75 75 78 15 15 100 16 100 34 25 100 100 100 100 100 100 71 100 75 100 100 100 100 100 100
100 7 10 140
20 49 91 92 78 86 64
0 0 0 3 10 10
100 8 30 480
63 71 20 81 24 39 85 48
2 4 10 5 5 13 15 7 20 18 10 19 6 7 14 13 13 25 13 22 22 26 15 27 13 28 30 24 29 30 30 30 30 28 28
100 10 100 2000
63 0 37 55 35 5 4 31 8 7
1 0 7 4 0 2 2 12 2 2 14 11 2 17 24 17 21 21 30 7 42 28 28 29 43 33 1 45 46 35 32 69 38 37 92 5 5 7 5 93 12 64 7 6 7 86 53 7 100 8 6 69 100 7 100 64 67 18 68 19 14 61 100 16 17 68 95 100 100 20 20 83 73 20 43 20 99 100 100 7 7 13 13 100 83 54 100 100 100 90 91 100 56 100 100 100 100 100 99 100 100 100 19 100 100 80 100 100
100 7 10 140
9 41 42 6 33 72 60
1 3 2 2 10 5
100 8 1 16
30 80 92 31 42 14 57 44
0
1000 3 300 1800
381 756 907
4 6 5 8 14 14 23 23 23 23 28 24 31 27 30 41 32 72 55 95 45 50 110 69 57 73 124 61 63 128 67 94 133 94 104 103 84 105 108 153 157 110 166 114 172 115 105 118 109 108 183 188 195 116 147 146 117 202 156 139 176 230 145 189 191 248 197 268 168 168 204 207 282 282 210 220 223 233 300 300 300 300 242 208 210 232 245 300 264
1000 5 70 700
223 467 518 949 666
0 3 1 3 2 14 15 3 7 21 22 23 19 25 17 31 11 11 18 11 16 40 39 33 20 51 21 29 31 19 49 24 29 29 36 39 27 43 27 45 28 28
1000 2 400 1600
962 120
4 3 7 8 8 14 20 29 29 27 27 38 40 40 43 63 63 64 67 75 78 77 79 79 80 84 83 84 94 100 100 101 102 109 114 115 142 128 135 137 154 154 153 152 147 150 150 173 175 178 178 178 195 201 204 206 209 226 226 239 239 239 241 242 218 251 225 224 229 239 274 294 295 298 309 254 316 315 317 276 331 332 294 295 306 310 310 316 324 361
1000 7 100 1400
179 773 138 616 716 523 721
1 0 5 0 0 1 7 13 15 19 20 4 26 17 5 4 6 7 22 7 29 9 29 31 12 13 35 8 12 14 12 48 15 11 54 52 11 50 19 15 51 53 62 53 70 25 75 14 82 28 28 100 42 100 78 50 82 30 31 31 50 55 32 100 100 100 73
1000 3 300 1800
819 643 325
1 4 1 7 13 20 29 42 50 25 53 56 33 61 39 66 52 83 55 50 89 59 53 91 61 65 99 65 100 63 66 76 75 79 82 86 85 145 89 110 110 92 162 132 161 163 169 172 147 96 103 193 126 133 185 239 252 198 203 203 203 153 217 214 214 216 227 176 300 237 234 300 204 239 249 237 251 240 246 300 247 300 250 300 300 300 300
5000 2 100 400
4151 969
3 8 15 17 19 22 31 22 42 50 35 58 66 67 67 76 83 85 87 91 96 79
1000 8 50 800
578 149 802 606 540 414 525 958
0 0 3 4 4 7 23 10 7 8 32 11 4 41 23 33 39 50 50 41 41 28 47 36 10 10 50 49 50 50 50 48 50 50
1000 7 100 1400
720 250 686 249 795 236 320
1 2 3 3 8 8 1 6 10 1 1 13 13 2 5 17 19 2 6 20 22 24 10 9 32 45 4 67 13 73 73 57 56 17 58 81 19 2 2 62 21 66 73 72 66 23 29 29 75 100 100 3 100 84 100 100 22 100 85 27 84 24 24 100 93 88 39 100 100 100 100 100 100 49 24 51 51 100 100 26 26 64 93 100 33
1000 9 50 900
312 364 671 838 271 374 246 985 379
0 0 0 2 0 1 2 8 0 0 16 15 3 19 4 19 3 37 20 3 5 3 3 27 50 10 5 7 50 50 5 50 12 14 50 50 50 20 50 43 50 50
1000 9 100 1800
146 198 67 109 915 89 733 87 342
1 0 5 1 1 3 1 13 1 2 2 5 2 3 22 22 7 28 36 39 10 53 6 21 21 51 7 61 12 14 4 1 35 18 15 69 78 80 46 9 17 50 82 46 21 7 7 7 40 42 3 82 6 100 4 93 100 31 5 5 5 100 51 100 100 100 100 100 100 100 100 67 100 98 100 100 28 100 31 100 100 41 100 8 100 100 100 21 100 100
1000 5 300 3000
4 135 983 417 83
6 3 3 19 13 21 3 21 5 4 18 2 20 22 5 4 22 24 7 50 7 51 20 21 54 54 11 27 11 31 31 12 32 92 63 34 98 34 68 13 18 41 18 12 45 121 13 21 128 88 133 11 87 53 91 55 55 95 63 18 23 122 20 125 71 72 190 73 190 22 22 22 75 22 196 22 208 22 25 220 23 87 25 94 29 26 250 103 168 172 176 103 266 32 266 177 106 31 272 29 29 33 29 110 271 112 285 29 111 300 40 122 28 27 300 230 300 28 46 149 51 236 300 188 55 237 239 188 56 57 37 255 260 224 224 300 60 60 47 274 289 276 300 300 300 300 283 50 287 288 300 111 300 300 116 64 141 300 300 105 300 107 116 118 300 300 300 133 135 300 300 300 300 159 300 232 236 300 167 300 300 249
1000 7 200 2800
846 946 835 788 147 315 293
0 1 8 3 3 7 15 15 19 4 25 13 13 8 30 7 7 8 31 16 17 40 35 36 7 7 24 70 25 72 69 76 67 52 27 85 14 29 65 65 88 89 92 114 114 39 104 16 38 30 64 46 68 33 130 33 33 137 31 18 85 20 20 55 100 36 38 38 100 37 58 109 21 36 57 38 38 132 40 60 25 42 77 200 130 47 94 40 39 42 51 152 173 200 200 151 53 200 177 72 200 185 200 188 90 96 196 200 61 200 168 200 200 63 200 200 187 200 200 64 146 200 200 200 70 74 200 200 200 99 200 200 200
1000 4 200 1600
345 9 892 840
0 0 11 1 16 19 18 21 26 49 5 8 32 11 75 51 41 16 18 96 20 99 109 19 114 18 18 19 19 19 22 23 69 91 94 24 141 142 24 26 27 27 104 29 168 29 34 34 121 33 36 37 120 200 142 40 156 43 200 165 167 171 200 200 43 170 170 46 197 177 51 52 58 59 200 189 76 192 82
1000 3 400 2400
106 903 251
2 5 9 4 5 13 12 13 21 21 22 25 59 52 31 75 81 79 75 38 91 92 78 101 46 85 92 106 106 94 106 118 113 123 135 136 125 60 145 155 134 64 174 154 164 170 188 170 172 173 77 228 82 235 239 207 212 251 78 226 81 264 265 232 244 287 95 312 314 269 319 103 321 106 326 106 295 297 108 108 108 342 108 344 308 356 333 120 383 386 126 130 361 364 365 162 400 166 174 395 178 400 400 400 400 400 400 238 400 400 267 400 400 400
1000 10 50 1000
110 234 39 713 53 633 629 48 514 666
0 0 6 11 3 9 9 13 0 6 23 34 14 1 9 42 37 6 15 46 17 50 8 50 50 47 50 44 50 11 50 50 45 50 15 50 50 50 15 50 50 39 40 50 50 24
5000 8 10 160
4484 2627 506 2597 518 778 2087 1984
2 4 5 3 3 1 3 10 10 10 10
2000 3 100 600
867 125 816
10 14 16 18 11 14 14 36 42 21 58 26 26 61 39 43 33 34 73 40 40 44 88 54 100 100 100 64 67 68 88 90 92
5000 3 100 600
4786 1740 73
0 3 4 9 26 38 20 50 21 28 19 29 62 19 20 24 39 39 42 47 85 50 30 49 35 50 77 73 100 78
5000 3 200 1200
1626 4232 4080
0 0 3 3 12 9 9 25 20 21 34 26 30 30 26 30 31 53 28 30 30 31 40 50 98 100 52 53 58 50 60 60 63 123 62 62 136 70 75 70 75 74 164 163 177 90 85 95 100 191 192 193 194 119 200 117 120 138 139 139 133 133 156 156 200 200 200 162 169 165 171 200 200 179
5000 2 1000 4000
2209 246
6 11 13 16 16 17 21 45 56 53 68 53 61 71 73 75 108 105 105 123 130 136 145 170 173 157 177 178 164 198 193 211 218 205 209 209 225 228 230 231 235 239 240 243 244 241 264 268 277 277 254 265 272 297 300 305 308 309 321 336 337 341 340 341 341 358 356 355 357 357 357 357 362 369 369 369 373 370 389 390 394 391 398 409 409 408 424 426 435 442 446 463 469 478 485 510 476 511 519 523 493 539 541 546 546 517 555 556 548 576 573 582 582 585 592 595 605 606 620 641 644 648 649 652 636 637 638 639 640 663 646 654 655 698 697 698 705 706 710 708 713 719 698 718 720 720 720 720 707 726 727 728 732 738 745 730 745 761 759 762 760 766 798 779 787 788 790 810 820 818 819 819 819 825 836 828 858 864 866 865 867 845
10000 3 1000 6000
6779 6622 7631
0 11 1 3 3 43 53 4 4 40 4 42 62 43 48 4 54 5 76 75 77 76 8 79 74 8 74 10 88 91 94 101 16 118 123 17 17 130 16 17 130 18 19 178 22 23 25 26 183 209 190 193 194 27 223 27 28 225 232 221 31 249 32 228 261 32 34 252 290 39 329 309 332 41 41 41 361 364 42 374 376 42 384 43 399 44 46 366 46 47 47 48 406 406 437 409 412 446 50 428 50 50 435 50 439 462 435 435 458 458 52 461 51 506 55 488 493 525 525 499 526 503 59 532 60 537 513 61 62 62 538 566 61 577 579 579 582 583 599 558 606 564 565 622 62 581 62 580 588 644 649 651 604 658 69 613 618 71 626 625 695 736 721 721 762 768 80 732 748 779 779 780 81 753 802 804 770 84 816 821 823 83 829 830 794 836 846 853 80 81 85 869 866 863 89 88 837 845 911 845 93 915 915 93 93 921 869 944 879 973 99 915 996 924 927 102 929 1000 121 941 1000 148 155 163 163 179 186 186 979 1000 978 195 201 1000 1000 218 1000 254 260 1000 1000 1000 1000 1000 1000 1000 1000 1000 373 387 1000 412 1000 416 426 1000 439 439 448 451 478 1000 1000 513 1000 529 1000 1000 1000 1000 1000 1000 1000 1000 647 1000 1000 1000 659 1000 1000 680 1000
10000 7 400 5600
2339 146 660 499 1526 3148 6015
2 4 1 4 1 11 12 3 9 6 12 4 6 23 24 28 28 19 8 31 30 71 16 18 8 18 89 8 22 92 7 42 7 24 9 46 56 48 26 11 25 9 12 13 68 130 65 25 33 65 85 149 150 28 71 15 10 90 35 37 38 11 18 36 105 106 116 35 195 36 14 109 15 210 25 15 24 15 44 45 48 45 135 48 49 48 36 49 149 54 283 20 39 20 40 299 20 305 60 176 319 66 179 43 66 66 26 26 44 191 70 28 78 84 199 82 29 30 29 203 384 238 89 53 89 29 240 89 53 57 397 94 254 400 95 257 67 239 257 35 98 400 400 90 272 103 101 304 78 79 79 100 310 312 103 400 331 103 333 39 113 39 343 343 84 361 361 85 376 400 85 378 363 85 40 370 118 400 383 42 383 115 115 123 399 123 400 145 400 145 128 400 92 187 400 400 400 400 130 400 130 197 141 400 134 135 135 400 400 214 400 137 104 400 400 190 142 145 400 400 194 105 400 400 271 104 400 400 150 400 281 400 400 400 400 400 400 400 111 347 355 400 361 400 371 400 161 400 163 400 313 165 400 315 315 400 185 400 400 331 400 400 400 400 200 344 202 347 400 400 400 362 365 400 400 111 400 400 244 400 266 400 113 400 271 400 277 400 400 292
10000 5 700 7000
611 8702 4152 8932 6052
2 11 12 7 24 24 16 22 38 39 24 38 13 48 32 44 52 51 36 55 61 59 56 18 63 58 65 63 26 72 53 53 69 80 91 37 37 106 41 72 90 46 74 47 99 82 49 108 87 146 50 126 91 143 147 98 170 59 142 179 158 152 66 181 110 71 112 204 183 114 73 116 214 215 154 75 78 124 171 132 231 81 81 207 178 247 187 257 192 83 142 225 227 226 145 145 259 263 264 226 271 209 153 81 81 224 255 161 256 256 294 229 229 298 94 93 231 296 97 271 275 275 169 171 98 235 312 98 99 286 238 239 178 292 101 329 181 182 303 183 183 352 315 355 186 186 325 357 325 191 193 198 199 348 349 354 360 290 359 359 379 379 121 299 300 215 215 371 309 309 374 130 408 213 132 406 381 213 134 134 389 217 131 332 394 134 399 137 342 455 457 457 467 230 232 422 477 423 234 371 385 390 440 489 441 394 399 495 404 250 251 254 517 414 257 159 159 158 472 261 265 163 428 165 493 266 431 268 568 500 500 500 168 507 273 580 171 170 591 535 171 282 282 284 536 173 601 176 176 547 178 481 180 627 494 554 497 303 188 557 500 563 563 509 199 664 665 322 587 673 205 528 590 594 687 689 213 604 537 697 327 540 614 615 333 218 222 223 223 223 223 340 643 700 574 654 700 227 230 580 700 233 585 241 700 700 700 599 281 285 367 368 602 700 700 606 370 309 372 371 700 700 615 635 700 700 374 375 375 700 344 380 669 700 700 700 700 696 700 700 700 700 700 388 700 700 700 700 475 480 406 486 405 700 700 700 503
10000 7 700 9800
8941 809 5055 3263 1316 3860 2314
0 2 2 3 8 3 7 18 11 11 24 12 28 15 8 17 8 20 14 50 25 64 18 18 25 31 26 72 63 22 26 69 82 33 86 28 85 85 85 42 37 46 40 50 41 102 34 54 115 137 139 32 65 43 144 69 47 34 70 129 151 37 37 153 140 58 79 40 47 59 82 60 193 63 48 152 199 87 49 200 66 67 49 91 66 171 71 225 69 184 70 186 61 78 76 194 115 83 118 75 76 120 221 121 63 79 228 94 72 73 246 351 105 132 253 107 358 109 109 364 286 138 121 78 110 142 79 79 392 398 313 81 111 120 112 121 114 114 123 166 423 142 116 119 116 170 171 119 322 322 122 323 96 127 96 97 335 335 124 137 136 126 510 165 188 109 111 170 367 111 131 548 114 145 145 145 114 559 134 179 180 565 570 576 126 140 579 140 123 186 585 414 186 120 587 422 192 600 131 154 202 607 617 156 178 457 243 159 207 247 249 646 147 496 498 646 647 153 219 253 219 187 187 258 259 231 263 200 673 162 201 269 164 556 683 165 273 695 204 696 285 180 700 700 212 181 182 194 700 329 700 700 253 217 610 700 194 624 185 195 700 197 187 633 700 224 189 201 655 224 673 230 380 231 700 200 397 235 219 403 276 700 408 409 209 260 416 222 285 425 294 295 226 214 228 299 316 215 443 445 218 309 248 307 307 354 307 700 700 363 259 369 700 700 317 700 700 231 700 700 324 436 444 239 244 242 287 466 289 469 241 336 241 290 700 550 292 340 700 508 345 700 242 292 345 246 345 251 299 594 608 700 579 355 700 588 358 700 357 253 358 644 608 361 657 264 627 700 308 643 646 313 651 658 381 700 285 668 388 700 700 317 680 700 390 390 700 392 696 393 395 700 700 700 334 336 700 700 700 398 364 700 700 369 700 700 700 700 402 369 700 700 700 700 403 404 435 700 700 700 407 458 457 700 700 700 700 462 428 428 416 429 430 470 700 494 418 443 501 500 420 417 523 527 700 530 423 532 700 700 537 424 538 700 474 478 483 700 592 520 700 700 700 432 700
10000 10 1000 9999
3736 3598 2252 5632 3355 4865 8944 7651 9240 384
0 0 0 1 7 2 8 3 3 11 4 8 13 15 4 19 20 20 29 5 12 26 1 1 7 35 35 32 16 14 20 26 13 26 36 36 21 21 18 28 42 45 56 3 23 24 61 24 59 60 25 33 24 24 33 27 33 30 75 31 30 74 44 35 87 7 88 37 38 88 40 48 94 105 58 43 43 56 36 7 120 122 74 53 53 57 48 48 124 48 48 78 59 56 57 130 59 131 81 61 44 122 43 66 133 66 132 90 149 61 66 151 71 9 68 150 139 78 170 10 84 85 150 63 152 77 66 113 67 77 68 91 122 92 168 71 14 85 87 176 87 87 87 76 76 189 93 78 18 192 227 193 199 94 207 96 110 109 145 214 146 92 102 86 112 207 216 87 86 116 97 97 227 151 230 101 94 129 115 130 118 225 263 263 119 138 256 253 232 268 141 261 121 99 124 139 257 180 140 104 184 143 267 182 269 283 298 28 28 305 305 295 113 167 137 136 298 137 299 204 117 153 117 140 312 318 141 157 122 330 159 325 326 326 330 189 336 152 346 344 326 328 171 171 160 171 172 349 370 352 138 177 203 141 141 345 225 225 347 37 182 361 150 230 151 235 209 209 43 369 154 397 369 44 238 212 178 178 242 195 217 164 388 48 426 420 387 186 202 400 172 173 254 257 443 48 443 450 48 205 221 49 443 185 205 413 419 192 422 195 52 217 195 452 224 437 224 485 194 196 198 199 458 199 436 224 61 61 229 458 209 209 209 462 462 211 203 211 201 522 203 470 462 529 215 466 219 498 475 535 254 205 486 251 220 255 210 490 521 522 73 315 315 315 218 218 218 218 235 269 271 316 504 220 235 274 75 222 226 76 515 518 76 516 276 278 76 332 553 234 525 536 528 245 612 338 533 619 619 343 256 239 244 256 82 306 259 305 557 259 556 261 556 87 566 643 349 582 263 564 354 262 295 298 573 301 255 567 308 309 309 573 310 266 266 672 268 260 592 96 678 586 378 587 271 379 594 96 614 588 96 318 388 389 622 319 320 612 688 328 274 329 614 276 268 329 268 621 621 333 273 392 96 711 394 715 637 324 282 324 324 283 638 338 280 280 648 281 288 625 341 628 103 285 285 287 667 105 289
1000 10 1000 9999
483 811 921 252 524 943 336 419 975 113
0 2 4 1 4 3 5 4 2 9 10 4 3 11 11 21 12 14 15 16 18 18 34 43 22 23 13 23 13 24 10 26 20 65 24 13 40 28 12 75 41 13 14 40 20 41 22 74 24 24 15 45 90 55 35 47 15 56 26 55 37 27 114 113 31 101 20 105 128 33 106 53 37 102 60 118 63 146 58 80 106 106 58 42 138 88 91 49 33 33 49 156 172 71 30 186 183 126 174 127 75 176 33 60 55 61 87 68 58 151 188 92 87 64 189 120 101 223 59 72 60 200 207 133 34 74 67 98 132 105 82 99 105 68 105 34 138 172 90 85 74 113 144 96 118 96 120 116 89 116 266 154 39 270 270 270 99 186 100 123 272 83 194 84 276 99 85 276 285 279 133 205 86 99 99 130 290 138 109 289 209 309 216 310 141 94 94 137 44 176 114 221 145 146 146 47 179 98 227 177 96 118 151 96 152 153 154 154 114 341 115 99 323 141 144 162 47 324 165 143 357 129 104 47 329 164 165 375 333 126 112 159 133 160 167 282 357 140 172 116 232 56 237 142 142 378 119 243 244 245 154 154 154 390 119 54 54 392 193 197 307 307 259 123 199 58 305 398 163 310 398 201 164 467 127 279 202 280 478 129 411 410 483 158 64 165 211 428 226 226 166 434 227 138 437 519 189 363 306 448 233 236 71 236 242 237 242 242 381 560 239 478 191 242 482 333 252 490 201 219 145 248 149 577 80 80 514 257 153 524 204 257 582 363 209 260 264 597 601 158 537 211 211 225 610 277 547 219 90 232 620 177 177 281 177 222 284 429 92 226 286 226 235 572 288 231 184 285 293 233 234 284 284 395 230 287 186 289 298 463 594 186 104 236 188 102 471 691 691 104 693 244 607 105 702 252 252 301 107 109 437 307 196 308 309 260 254 312 728 732 198 317 317 273 319 749 453 504 652 321 321 322 202 202 277 276 276 110 668 203 282 667 110 273 336 688 293 115 115 478 343 295 334 546 344 213 215 304 118 337 337 350 567 711 315 316 341 224 347 122 225 318 318 348 722 348 318 578 727 728 324 232 297 124 232 233 355 297 747 589 126 507 750 508
10000 8 10 160
8415 6289 6012 2181 1314 6607 8342 4506
0 1 0 0 6 0 0 5 5 4 2 4 6
10000 6 1 12
8888 258 5287 652 7042 6350
1
10000 3 10 60
8178 9809 9330
0 7 6 10
10000 5 10 100
3858 4361 739 3448 1981
0 0 0 7 0 2 10 10
